"run","tick","Harmony","EquilibriumTime"
1,1.0,0.0,1.0
1,2.0,0.0,2.0
1,3.0,0.0,3.0
1,4.0,0.0,4.0
1,5.0,0.0,5.0
1,6.0,0.0,6.0
1,7.0,0.0,7.0
1,8.0,0.0,8.0
1,9.0,0.0,9.0
1,10.0,0.0,10.0
1,11.0,0.0,11.0
1,12.0,0.0,12.0
1,13.0,0.0,13.0
1,14.0,0.0,14.0
1,15.0,0.0,15.0
1,16.0,0.0,16.0
1,17.0,0.0,17.0
1,18.0,0.0,18.0
1,19.0,0.0,19.0
1,20.0,0.0,20.0
1,21.0,0.0,21.0
1,22.0,0.0,22.0
1,23.0,0.0,23.0
1,24.0,0.0,24.0
1,25.0,0.0,25.0
1,26.0,0.0,26.0
1,27.0,0.0,27.0
1,28.0,0.0,28.0
1,29.0,0.0,29.0
1,30.0,0.0,30.0
1,31.0,0.0,31.0
1,32.0,0.0,32.0
1,33.0,0.0,33.0
1,34.0,0.0,34.0
1,35.0,0.0,35.0
1,36.0,0.0,36.0
1,37.0,0.0,37.0
1,38.0,0.0,38.0
1,39.0,0.0,39.0
1,40.0,0.0,40.0
1,41.0,0.0,41.0
1,42.0,0.0,42.0
1,43.0,0.0,43.0
1,44.0,0.0,44.0
1,45.0,0.0,45.0
1,46.0,0.0,46.0
1,47.0,0.0,47.0
1,48.0,0.0,48.0
1,49.0,0.0,49.0
1,50.0,0.0,50.0
1,51.0,0.0,51.0
1,52.0,0.0,52.0
1,53.0,0.0,53.0
1,54.0,0.0,54.0
1,55.0,0.0,55.0
1,56.0,0.0,56.0
1,57.0,0.0,57.0
1,58.0,0.0,58.0
1,59.0,0.0,59.0
1,60.0,0.0,60.0
1,61.0,0.0,61.0
1,62.0,0.0,62.0
1,63.0,0.0,63.0
1,64.0,0.0,64.0
1,65.0,0.0,65.0
1,66.0,0.0,66.0
1,67.0,0.0,67.0
1,68.0,0.0,68.0
1,69.0,0.0,69.0
1,70.0,0.0,70.0
1,71.0,0.0,71.0
1,72.0,0.0,72.0
1,73.0,0.0,73.0
1,74.0,0.0,74.0
1,75.0,0.0,75.0
1,76.0,0.0,76.0
1,77.0,0.0,77.0
1,78.0,0.0,78.0
1,79.0,0.0,79.0
1,80.0,0.0,80.0
1,81.0,0.0,81.0
1,82.0,0.0,82.0
1,83.0,0.0,83.0
1,84.0,0.0,84.0
1,85.0,0.0,85.0
1,86.0,0.0,86.0
1,87.0,0.0,87.0
1,88.0,0.0,88.0
1,89.0,0.0,89.0
1,90.0,0.0,90.0
1,91.0,0.0,91.0
1,92.0,0.0,92.0
1,93.0,0.0,93.0
1,94.0,0.0,94.0
1,95.0,0.0,95.0
1,96.0,0.0,96.0
1,97.0,0.0,97.0
1,98.0,0.0,98.0
1,99.0,0.0,99.0
1,100.0,0.0,100.0
3,1.0,4.9900099937525E-6,-1.0
3,2.0,4.985026216284345E-6,-1.0
3,3.0,4.980049902659769E-6,-1.0
3,4.0,4.975081037980271E-6,-1.0
3,5.0,4.97011960738451E-6,-1.0
3,6.0,4.965165596048193E-6,-1.0
3,7.0,4.960218989183963E-6,-1.0
3,8.0,4.955279772041288E-6,-1.0
3,9.0,4.9503479299063544E-6,-1.0
3,10.0,4.9454234481019544E-6,-1.0
3,11.0,4.940506311987376E-6,-1.0
3,12.0,4.9355965069583005E-6,-1.0
3,13.0,4.930694018446681E-6,-1.0
3,14.0,4.925798831920653E-6,-1.0
3,15.0,4.920910932884405E-6,-1.0
3,16.0,4.9160303068780924E-6,-1.0
3,17.0,4.911156939477715E-6,-1.0
3,18.0,4.906290816295015E-6,-1.0
3,19.0,4.901431922977374E-6,19.0
3,20.0,4.896580245207705E-6,20.0
3,21.0,4.8917357687043454E-6,21.0
3,22.0,4.886898479220953E-6,22.0
3,23.0,4.8820683625464E-6,23.0
3,24.0,4.8772454045046745E-6,24.0
3,25.0,4.872429590954768E-6,25.0
3,26.0,4.867620907790575E-6,26.0
3,27.0,4.862819340940792E-6,27.0
3,28.0,4.858024876368812E-6,28.0
3,29.0,4.853237500072623E-6,29.0
3,30.0,4.848457198084704E-6,30.0
3,31.0,4.8436839564719275E-6,31.0
3,32.0,4.838917761335451E-6,32.0
3,33.0,4.834158598810623E-6,33.0
3,34.0,4.829406455066873E-6,34.0
3,35.0,4.824661316307626E-6,35.0
3,36.0,4.819923168770184E-6,36.0
3,37.0,4.815191998725637E-6,37.0
3,38.0,4.810467792478768E-6,38.0
3,39.0,4.805750536367943E-6,39.0
3,40.0,4.8010402167650135E-6,40.0
3,41.0,4.796336820075226E-6,41.0
3,42.0,4.791640332737116E-6,42.0
3,43.0,4.786950741222417E-6,43.0
3,44.0,4.782268032035957E-6,44.0
3,45.0,4.777592191715567E-6,45.0
3,46.0,4.772923206831975E-6,46.0
3,47.0,4.7682610639887175E-6,47.0
3,48.0,4.763605749822043E-6,48.0
3,49.0,4.758957251000817E-6,49.0
3,50.0,4.7543155542264185E-6,50.0
3,51.0,4.749680646232653E-6,51.0
3,52.0,4.745052513785656E-6,52.0
3,53.0,4.740431143683797E-6,53.0
3,54.0,4.735816522757586E-6,54.0
3,55.0,4.731208637869578E-6,55.0
3,56.0,4.726607475914283E-6,56.0
3,57.0,4.722013023818072E-6,57.0
3,58.0,4.717425268539078E-6,58.0
3,59.0,4.712844197067111E-6,59.0
3,60.0,4.708269796423566E-6,60.0
3,61.0,4.703702053661323E-6,61.0
3,62.0,4.699140955864664E-6,62.0
3,63.0,4.694586490149176E-6,63.0
3,64.0,4.690038643661664E-6,64.0
3,65.0,4.685497403580055E-6,65.0
3,66.0,4.680962757113317E-6,66.0
3,67.0,4.6764346915013575E-6,67.0
3,68.0,4.6719131940149394E-6,68.0
3,69.0,4.667398251955594E-6,69.0
3,70.0,4.6628898526555255E-6,70.0
3,71.0,4.658387983477528E-6,71.0
3,72.0,4.653892631814894E-6,72.0
3,73.0,4.649403785091326E-6,73.0
3,74.0,4.644921430760849E-6,74.0
3,75.0,4.640445556307724E-6,75.0
3,76.0,4.635976149246357E-6,76.0
3,77.0,4.63151319712122E-6,77.0
3,78.0,4.627056687506749E-6,78.0
3,79.0,4.622606608007277E-6,79.0
3,80.0,4.618162946256931E-6,80.0
3,81.0,4.613725689919557E-6,81.0
3,82.0,4.609294826688626E-6,82.0
3,83.0,4.604870344287157E-6,83.0
3,84.0,4.600452230467626E-6,84.0
3,85.0,4.596040473011884E-6,85.0
3,86.0,4.591635059731068E-6,86.0
3,87.0,4.587235978465526E-6,87.0
3,88.0,4.582843217084722E-6,88.0
3,89.0,4.578456763487159E-6,89.0
3,90.0,4.574076605600295E-6,90.0
3,91.0,4.5697027313804596E-6,91.0
3,92.0,4.565335128812772E-6,92.0
3,93.0,4.5609737859110535E-6,93.0
3,94.0,4.5566186907177515E-6,94.0
3,95.0,4.552269831303855E-6,95.0
3,96.0,4.547927195768814E-6,96.0
3,97.0,4.543590772240452E-6,97.0
3,98.0,4.539260548874892E-6,98.0
3,99.0,4.534936513856479E-6,99.0
3,100.0,4.530618655397684E-6,100.0
5,1.0,1.0747607481294177E-4,-1.0
5,2.0,2.0473462078106792E-4,-1.0
5,3.0,3.497918788184897E-4,-1.0
5,4.0,5.435035036763104E-4,-1.0
5,5.0,7.878133822929638E-4,-1.0
5,6.0,0.0010905655878226963,-1.0
5,7.0,0.001468871650582923,-1.0
5,8.0,0.001952627697424331,-1.0
5,9.0,0.0025888780857754165,-1.0
5,10.0,0.0034477524418600547,-1.0
5,11.0,0.0046300044542286626,-1.0
5,12.0,0.006275851729696875,-1.0
5,13.0,0.008574095725448955,-1.0
5,14.0,0.011769375140325904,-1.0
5,15.0,0.016163905740211322,-1.0
5,16.0,0.02210851874954447,-1.0
5,17.0,0.029977054774862767,-1.0
5,18.0,0.04011955430496238,-1.0
5,19.0,0.052794658300949704,-1.0
5,20.0,0.06809057443633873,-1.0
5,21.0,0.08585458712805026,-1.0
5,22.0,0.10565775409406056,-1.0
5,23.0,0.12681734150749915,-1.0
5,24.0,0.14848207736254612,-1.0
5,25.0,0.16976071082804614,-1.0
5,26.0,0.1898560345689901,-1.0
5,27.0,0.20816566622207913,-1.0
5,28.0,0.2243274479086536,-1.0
5,29.0,0.23821031501045087,-1.0
5,30.0,0.2498682202849944,-1.0
5,31.0,0.2594795034894668,-1.0
5,32.0,0.26728942520008,-1.0
5,33.0,0.27356533797453547,-1.0
5,34.0,0.2785668158879294,-1.0
5,35.0,0.2825288271991673,-1.0
5,36.0,0.2856544545559654,-1.0
5,37.0,0.2881137188806927,-1.0
5,38.0,0.2900458080386289,-1.0
5,39.0,0.2915628713930499,-1.0
5,40.0,0.29275425854255244,-1.0
5,41.0,0.2936905905899906,-1.0
5,42.0,0.2944273783960299,-1.0
5,43.0,0.2950080930806498,-1.0
5,44.0,0.29546669573185635,-1.0
5,45.0,0.29582968081295397,-1.0
5,46.0,0.2961177046369575,-1.0
5,47.0,0.2963468711256076,47.0
5,48.0,0.29652974044815844,48.0
5,49.0,0.2966761167638397,49.0
5,50.0,0.2967936616044152,50.0
5,51.0,0.29688837055987616,51.0
5,52.0,0.2969649432958593,52.0
5,53.0,0.2970270706012294,53.0
5,54.0,0.29707765703719174,54.0
5,55.0,0.2971189936705584,55.0
5,56.0,0.29715289214728097,56.0
5,57.0,0.29718078883465626,57.0
5,58.0,0.2972038257903215,58.0
5,59.0,0.2972229137857206,59.0
5,60.0,0.29723878142579624,60.0
5,61.0,0.29725201348919095,61.0
5,62.0,0.2972630809041912,62.0
5,63.0,0.2972723642280367,63.0
5,64.0,0.29728017207440105,64.0
5,65.0,0.2972867556074305,65.0
5,66.0,0.2972923199686892,66.0
5,67.0,0.2972970333087011,67.0
5,68.0,0.2973010339443793,68.0
5,69.0,0.29730443604736184,69.0
5,70.0,0.29730733417833705,70.0
5,71.0,0.29730980691281156,71.0
5,72.0,0.2973119197498345,72.0
5,73.0,0.2973137274533517,73.0
5,74.0,0.2973152759433827,74.0
5,75.0,0.297316603828966,75.0
5,76.0,0.29731774365516755,76.0
5,77.0,0.29731872292112405,77.0
5,78.0,0.29731956491413714,78.0
5,79.0,0.2973202893954776,79.0
5,80.0,0.2973209131662283,80.0
5,81.0,0.2973214505357385,81.0
5,82.0,0.2973219137107312,82.0
5,83.0,0.29732231311953145,83.0
5,84.0,0.2973226576830553,84.0
5,85.0,0.2973229550419585,85.0
5,86.0,0.29732321174755827,86.0
5,87.0,0.29732343342272016,87.0
5,88.0,0.29732362489776193,88.0
5,89.0,0.2973237903255118,89.0
5,90.0,0.2973239332789221,90.0
5,91.0,0.2973240568340413,91.0
5,92.0,0.29732416364066677,92.0
5,93.0,0.2973242559826055,93.0
5,94.0,0.29732433582914475,94.0
5,95.0,0.29732440487907774,95.0
5,96.0,0.29732446459840467,96.0
5,97.0,0.2973245162526548,97.0
5,98.0,0.2973245609346254,98.0
5,99.0,0.2973245995882078,99.0
5,100.0,0.2973246330288693,100.0
2,1.0,1.0970407642184495E-5,-1.0
2,2.0,1.1461120533998758E-5,-1.0
2,3.0,1.1960278792669332E-5,-1.0
2,4.0,1.2470672483923742E-5,-1.0
2,5.0,1.2994637846944062E-5,-1.0
2,6.0,1.3534166669735047E-5,-1.0
2,7.0,1.4090991051513637E-5,-1.0
2,8.0,1.4666649144926274E-5,-1.0
2,9.0,1.5262536200752907E-5,-1.0
2,10.0,1.5879944256244957E-5,-1.0
2,11.0,1.6520093049720904E-5,-1.0
2,12.0,1.718415415780779E-5,-1.0
2,13.0,1.787326989860951E-5,-1.0
2,14.0,1.8588568193851E-5,-1.0
2,15.0,1.9331174312320195E-5,-1.0
2,16.0,2.0102220207647484E-5,-1.0
2,17.0,2.090285200167166E-5,-1.0
2,18.0,2.1734236039557666E-5,-1.0
2,19.0,2.259756384612129E-5,-1.0
2,20.0,2.3494056238037816E-5,-1.0
2,21.0,2.442496678878659E-5,-1.0
2,22.0,2.5391584798463874E-5,-1.0
2,23.0,2.6395237886006934E-5,-1.0
2,24.0,2.7437294294613742E-5,-1.0
2,25.0,2.8519164980437504E-5,-1.0
2,26.0,2.9642305538608596E-5,-1.0
2,27.0,3.0808218008226896E-5,-1.0
2,28.0,3.201845258835238E-5,-1.0
2,29.0,3.327460928956739E-5,-1.0
2,30.0,3.457833953989769E-5,-1.0
2,31.0,3.5931347759383544E-5,-1.0
2,32.0,3.7335392914091095E-5,-1.0
2,33.0,3.879229005762241E-5,-1.0
2,34.0,4.0303911866044557E-5,-1.0
2,35.0,4.1872190170476895E-5,-1.0
2,36.0,4.349911749024758E-5,-1.0
2,37.0,4.51867485684742E-5,37.0
2,38.0,4.6937201911074836E-5,38.0
2,39.0,4.87526613295292E-5,39.0
2,40.0,5.0635377487144074E-5,40.0
2,41.0,5.258766944810669E-5,41.0
2,42.0,5.461192622820998E-5,42.0
2,43.0,5.671060834578826E-5,43.0
2,44.0,5.888624937109687E-5,44.0
2,45.0,6.114145747209542E-5,45.0
2,46.0,6.34789169543422E-5,46.0
2,47.0,6.590138979247203E-5,47.0
2,48.0,6.841171715050647E-5,48.0
2,49.0,7.101282088803011E-5,49.0
2,50.0,7.370770504905702E-5,50.0
2,51.0,7.649945733020555E-5,51.0
2,52.0,7.939125052459605E-5,52.0
2,53.0,8.238634393768406E-5,53.0
2,54.0,8.548808477103898E-5,54.0
2,55.0,8.869990946987724E-5,55.0
2,56.0,9.202534502995728E-5,56.0
2,57.0,9.546801025924146E-5,57.0
2,58.0,9.903161698952941E-5,58.0
2,59.0,1.027199712330664E-4,59.0
2,60.0,1.0653697427892922E-4,60.0
2,61.0,1.1048662372379508E-4,61.0
2,62.0,1.1457301443150124E-4,62.0
2,63.0,1.1880033941561004E-4,63.0
2,64.0,1.2317289063900334E-4,64.0
2,65.0,1.2769505972434433E-4,65.0
2,66.0,1.3237133856906422E-4,66.0
2,67.0,1.3720631985835642E-4,67.0
2,68.0,1.4220469746949353E-4,68.0
2,69.0,1.4737126676062412E-4,69.0
2,70.0,1.5271092473705583E-4,70.0
2,71.0,1.582286700878929E-4,71.0
2,72.0,1.6392960308576996E-4,72.0
2,73.0,1.6981892534230996E-4,73.0
2,74.0,1.7590193941183444E-4,74.0
2,75.0,1.8218404823577323E-4,75.0
2,76.0,1.8867075442015362E-4,76.0
2,77.0,1.9536765933850358E-4,77.0
2,78.0,2.0228046205247706E-4,78.0
2,79.0,2.0941495804250584E-4,79.0
2,80.0,2.1677703774080153E-4,80.0
2,81.0,2.2437268485907594E-4,81.0
2,82.0,2.3220797450341954E-4,82.0
2,83.0,2.402890710688757E-4,83.0
2,84.0,2.4862222590638E-4,84.0
2,85.0,2.572137747548909E-4,84.0
2,86.0,2.6607013493173254E-4,84.0
2,87.0,2.751978022743982E-4,84.0
2,88.0,2.8460334782732225E-4,84.0
2,89.0,2.942934142674295E-4,84.0
2,90.0,3.0427471206260825E-4,84.0
2,91.0,3.145540153576265E-4,84.0
2,92.0,3.251381575824288E-4,84.0
2,93.0,3.3603402677820647E-4,84.0
2,94.0,3.472485606371341E-4,84.0
2,95.0,3.587887412522023E-4,84.0
2,96.0,3.706615895741635E-4,84.0
2,97.0,3.828741595732301E-4,84.0
2,98.0,3.954335321038354E-4,84.0
2,99.0,4.083468084714775E-4,84.0
2,100.0,4.216211037014213E-4,84.0
4,1.0,1.426012238132772E-4,-1.0
4,2.0,2.674970404728216E-4,-1.0
4,3.0,4.5587768303763436E-4,-1.0
4,4.0,7.151565840705238E-4,-1.0
4,5.0,0.001047874768222018,-1.0
4,6.0,0.001453258424977696,-1.0
4,7.0,0.0019283153057937132,-1.0
4,8.0,0.002468608205950802,-1.0
4,9.0,0.0030688018571754646,-1.0
4,10.0,0.003723050366438962,-1.0
4,11.0,0.0044252720159705695,-1.0
4,12.0,0.005169344097052698,-1.0
4,13.0,0.005949240612582382,-1.0
4,14.0,0.006759128845868529,-1.0
4,15.0,0.007593436045378826,-1.0
4,16.0,0.008446894181347468,-1.0
4,17.0,0.009314568445989668,-1.0
4,18.0,0.010191873584155282,-1.0
4,19.0,0.011074581039075371,-1.0
4,20.0,0.011958819127776465,-1.0
4,21.0,0.012841067918366355,-1.0
4,22.0,0.01371815009476134,-1.0
4,23.0,0.014587218814219819,-1.0
4,24.0,0.015445743355727522,-1.0
4,25.0,0.016291493200199427,-1.0
4,26.0,0.017122521061440268,-1.0
4,27.0,0.01793714528972061,-1.0
4,28.0,0.018733931990950248,-1.0
4,29.0,0.01951167713927835,-1.0
4,30.0,0.020269388906493706,-1.0
4,31.0,0.021006270385751723,-1.0
4,32.0,0.021721702848426283,-1.0
4,33.0,0.02241522964016233,-1.0
4,34.0,0.023086540794617423,-1.0
4,35.0,0.023735458420213365,-1.0
4,36.0,0.02436192289586871,-1.0
4,37.0,0.0249659798956243,-1.0
4,38.0,0.025547768248849696,-1.0
4,39.0,0.02610750863192317,-1.0
4,40.0,0.026645493078559956,-1.0
4,41.0,0.027162075289012214,-1.0
4,42.0,0.02765766171291344,-1.0
4,43.0,0.02813270337635696,-1.0
4,44.0,0.02858768842068693,-1.0
4,45.0,0.029023135318269208,-1.0
4,46.0,0.029439586729056427,-1.0
4,47.0,0.029837603960941733,-1.0
4,48.0,0.030217761996605988,-1.0
4,49.0,0.030580645049712377,-1.0
4,50.0,0.030926842613814766,-1.0
4,51.0,0.03125694596815465,-1.0
4,52.0,0.03157154510557009,-1.0
4,53.0,0.03187122604897718,-1.0
4,54.0,0.032156568524269485,-1.0
4,55.0,0.03242814395897415,-1.0
4,56.0,0.032686513777573104,-1.0
4,57.0,0.03293222796601648,-1.0
4,58.0,0.033165823879596885,-1.0
4,59.0,0.03338782526999851,-1.0
4,60.0,0.033598741508965316,-1.0
4,61.0,0.033799066987633394,-1.0
4,62.0,0.03398928067213141,-1.0
4,63.0,0.03416984579756041,-1.0
4,64.0,0.0343412096839121,-1.0
4,65.0,0.03450380365886688,-1.0
4,66.0,0.034658043073725636,-1.0
4,67.0,0.03480432739996962,-1.0
4,68.0,0.034943040395108815,-1.0
4,69.0,0.03507455032757131,-1.0
4,70.0,0.03519921025140403,-1.0
4,71.0,0.035317358322500714,-1.0
4,72.0,0.035429318148947744,-1.0
4,73.0,0.03553539916888493,-1.0
4,74.0,0.03563589705001918,-1.0
4,75.0,0.03573109410560786,-1.0
4,76.0,0.035821259722347426,-1.0
4,77.0,0.03590665079616736,-1.0
4,78.0,0.03598751217244003,-1.0
4,79.0,0.036064077087579874,79.0
4,80.0,0.03613656760942262,80.0
4,81.0,0.036205195074149744,81.0
4,82.0,0.036270160517859806,82.0
4,83.0,0.03633165510118865,83.0
4,84.0,0.036389860525648,84.0
4,85.0,0.03644494944058965,85.0
4,86.0,0.03649708583991289,86.0
4,87.0,0.03654642544781828,87.0
4,88.0,0.03659311609307397,88.0
4,89.0,0.036637298071403326,89.0
4,90.0,0.03667910449572749,90.0
4,91.0,0.0367186616341038,91.0
4,92.0,0.03675608923529455,92.0
4,93.0,0.036791500841980525,93.0
4,94.0,0.036825004091701426,94.0
4,95.0,0.03685670100566365,95.0
4,96.0,0.03688668826560335,96.0
4,97.0,0.036915057478933665,97.0
4,98.0,0.03694189543243686,98.0
4,99.0,0.03696728433478948,99.0
4,100.0,0.036991302048228494,100.0
